Q = 2  # number of qubits
L = 2  # number of fraxis layer
W = 10  # number of quantum node
N = 30  # number of training data size
M = 30  # number of testing data size
U = 1  # number of update

titanicのデータを用いて
1. 初期化: 固定　更新順序: 順番通り
2. 初期化: ランダム　更新順序: ランダム
実験を行った。
テストデータでの正答率が訓練データでの正答率よりも低くなったので、特徴量が少ないかもしれない。
ある程度の正答率は得られたのでデータの読みこみや前処理は正しく行われていると思われる。
2の方が結果が良かった。
#############################################
1. 初期化: 固定　更新順序: 順番通り
--------------------------------------------
Using CSV
Using Titanic preprocessing
order_layer:  [(0, 0), (0, 1), (1, 0), (1, 1)]
R
 [[ 1.212   1.7455 -2.3045]
 [ 1.7455  0.159  -0.674 ]
 [-2.3045 -0.674  -2.363 ]]
size
 30
R
 [[ 0.0404      0.05818333 -0.07681667]
 [ 0.05818333  0.0053     -0.02246667]
 [-0.07681667 -0.02246667 -0.07876667]]
Max value of eigenvalues:  0.11369225612038285
ACC_train:  0.5666666666666667 
SCORE_train:  0.10966666666666676
params
 [[[ 0.78397564  0.49772679 -0.37101245]
  [ 0.          0.          1.        ]]

 [[ 0.          0.          1.        ]
  [ 0.          0.          1.        ]]]
R
 [[ 1.868 -2.18  -1.846]
 [-2.18   6.34  -1.954]
 [-1.846 -1.954  3.066]]
size
 30
R
 [[ 0.06226667 -0.07266667 -0.06153333]
 [-0.07266667  0.21133333 -0.06513333]
 [-0.06153333 -0.06513333  0.1022    ]]
Max value of eigenvalues:  0.25239889486101025
ACC_train:  0.6666666666666666 
SCORE_train:  0.25743333333333324
params
 [[[ 0.78397564  0.49772679 -0.37101245]
  [ 0.25669418 -0.92066503  0.29408162]]

 [[ 0.          0.          1.        ]
  [ 0.          0.          1.        ]]]
R
 [[-7.693  -0.1055 -0.322 ]
 [-0.1055 -7.586   4.6925]
 [-0.322   4.6925  7.679 ]]
size
 30
R
 [[-0.25643333 -0.00351667 -0.01073333]
 [-0.00351667 -0.25286667  0.15641667]
 [-0.01073333  0.15641667  0.25596667]]
Max value of eigenvalues:  0.3004323723094191
ACC_train:  0.7 
SCORE_train:  0.28853333333333303
params
 [[[ 0.78397564  0.49772679 -0.37101245]
  [ 0.25669418 -0.92066503  0.29408162]]

 [[ 0.02026153 -0.2721002  -0.96205559]
  [ 0.          0.          1.        ]]]
R
 [[ 9.115 -0.1    0.051]
 [-0.1    8.879 -0.251]
 [ 0.051 -0.251  9.137]]
size
 30
R
 [[ 0.30383333 -0.00333333  0.0017    ]
 [-0.00333333  0.29596667 -0.00836667]
 [ 0.0017     -0.00836667  0.30456667]]
Max value of eigenvalues:  0.3111078907387243
ACC_train:  0.7 
SCORE_train:  0.2896999999999997
params
 [[[ 0.78397564  0.49772679 -0.37101245]
  [ 0.25669418 -0.92066503  0.29408162]]

 [[ 0.02026153 -0.2721002  -0.96205559]
  [-0.40998849  0.50861921 -0.75711025]]]
ACC_test:  0.4666666666666667 
SCORE_test:  -0.05589999999999976
Implementation time:  263.3607769012451
_______________NEW________________ Iteration:  0
Implementation time :  263.5013270378113
#############################################
2. 初期化: ランダム　更新順序: ランダム
--------------------------------------------
Using CSV
Using Titanic preprocessing
order_layer:  [(1, 0), (1, 1), (0, 1), (0, 0)]
R
 [[-8.471 -0.065 -3.237]
 [-0.065 -8.703  0.503]
 [-3.237  0.503  8.633]]
size
 30
R
 [[-0.28236667 -0.00216667 -0.1079    ]
 [-0.00216667 -0.2901      0.01676667]
 [-0.1079      0.01676667  0.28776667]]
Max value of eigenvalues:  0.30798047280348645
ACC_train:  0.6666666666666666 
SCORE_train:  0.3084333333333331
params
 [[[ 0.50607888  0.65949951  0.55582782]
  [ 0.57642323  0.44817766  0.68328109]]

 [[ 0.17982396 -0.02821724 -0.98329402]
  [ 0.37356329  0.77132859  0.51526951]]]
R
 [[ 9.107 -0.05   0.175]
 [-0.05   9.141 -0.034]
 [ 0.175 -0.034  9.383]]
size
 30
R
 [[ 0.30356667 -0.00166667  0.00583333]
 [-0.00166667  0.3047     -0.00113333]
 [ 0.00583333 -0.00113333  0.31276667]]
Max value of eigenvalues:  0.3158703775738239
ACC_train:  0.6666666666666666 
SCORE_train:  0.2987999999999998
params
 [[[ 0.50607888  0.65949951  0.55582782]
  [ 0.57642323  0.44817766  0.68328109]]

 [[ 0.17982396 -0.02821724 -0.98329402]
  [ 0.44030679 -0.15541504  0.88429412]]]
R
 [[-0.486   1.0255  4.0425]
 [ 1.0255  2.083   5.19  ]
 [ 4.0425  5.19    4.465 ]]
size
 30
R
 [[-0.0162      0.03418333  0.13475   ]
 [ 0.03418333  0.06943333  0.173     ]
 [ 0.13475     0.173       0.14883333]]
Max value of eigenvalues:  0.3336126262636757
ACC_train:  0.7 
SCORE_train:  0.32929999999999965
params
 [[[ 0.50607888  0.65949951  0.55582782]
  [-0.34726182 -0.54478398 -0.76329526]]

 [[ 0.17982396 -0.02821724 -0.98329402]
  [ 0.44030679 -0.15541504  0.88429412]]]
R
 [[-4.073  6.95   1.015]
 [ 6.95  10.087  3.727]
 [ 1.015  3.727 -4.185]]
size
 30
R
 [[-0.13576667  0.23166667  0.03383333]
 [ 0.23166667  0.33623333  0.12423333]
 [ 0.03383333  0.12423333 -0.1395    ]]
Max value of eigenvalues:  0.4582760387192403
ACC_train:  0.6666666666666666 
SCORE_train:  0.4729666666666662
params
 [[[ 0.36561178  0.90695689  0.20918226]
  [-0.34726182 -0.54478398 -0.76329526]]

 [[ 0.17982396 -0.02821724 -0.98329402]
  [ 0.44030679 -0.15541504  0.88429412]]]
ACC_test:  0.6 
SCORE_test:  -0.01606666666666654
Implementation time:  247.01910591125488
_______________NEW________________ Iteration:  0
Implementation time :  247.06373286247253
