Q = 2  # number of qubits
L = 2  # number of fraxis layer
W = 10  # number of quantum node
N = 100  # number of training data size
M = 30  # number of testing data size
U = 1  # number of update

mnistで以下の4通り
1. 全ての訓練データを用いて学習
2. 50%のデータで学習
を試した。
損失関数の大きさの正規化も実装した。

半分のデータで学習したとき、実行時間は半分程度となり、テストデータでの結果は殆ど同じになった。
##########################################################
1. 全ての訓練データを用いて学習
----------------------------------------------------------
Using MNIST
order_layer:  [(0, 0), (0, 1), (1, 0), (1, 1)]
R
 [[-15.307  -19.6755  -2.3335]
 [-19.6755 -40.792   -1.747 ]
 [ -2.3335  -1.747   32.844 ]]
size
 100
R
 [[-0.15307  -0.196755 -0.023335]
 [-0.196755 -0.40792  -0.01747 ]
 [-0.023335 -0.01747   0.32844 ]]
Max value of eigenvalues:  0.329664355369635
ACC_train:  0.56 
SCORE_train:  0.3291399999999996
params
 [[[ 0.04336059  0.01209472 -0.99898627]
  [ 0.          0.          1.        ]]

 [[ 0.          0.          1.        ]
  [ 0.          0.          1.        ]]]
R
 [[ 15.703 -16.336  18.418]
 [-16.336  55.795 -19.462]
 [ 18.418 -19.462  33.011]]
size
 100
R
 [[ 0.15703 -0.16336  0.18418]
 [-0.16336  0.55795 -0.19462]
 [ 0.18418 -0.19462  0.33011]]
Max value of eigenvalues:  0.7613546326601417
ACC_train:  0.73 
SCORE_train:  0.7653099999999992
params
 [[[ 0.04336059  0.01209472 -0.99898627]
  [-0.36565541  0.77982607 -0.50810178]]

 [[ 0.          0.          1.        ]
  [ 0.          0.          1.        ]]]
R
 [[-76.42     0.079   -1.1385]
 [  0.079  -76.43   -25.4975]
 [ -1.1385 -25.4975  76.677 ]]
size
 100
R
 [[-0.7642    0.00079  -0.011385]
 [ 0.00079  -0.7643   -0.254975]
 [-0.011385 -0.254975  0.76677 ]]
Max value of eigenvalues:  0.8081976055071862
ACC_train:  0.79 
SCORE_train:  0.8041999999999991
params
 [[[ 0.04336059  0.01209472 -0.99898627]
  [-0.36565541  0.77982607 -0.50810178]]

 [[-0.00722741 -0.16005546  0.98708156]
  [ 0.          0.          1.        ]]]
R
 [[80.267  0.22   0.434]
 [ 0.22  80.485 -0.442]
 [ 0.434 -0.442 80.487]]
size
 100
R
 [[ 0.80267  0.0022   0.00434]
 [ 0.0022   0.80485 -0.00442]
 [ 0.00434 -0.00442  0.80487]]
Max value of eigenvalues:  0.8097605758841668
ACC_train:  0.79 
SCORE_train:  0.8042399999999991
params
 [[[ 0.04336059  0.01209472 -0.99898627]
  [-0.36565541  0.77982607 -0.50810178]]

 [[-0.00722741 -0.16005546  0.98708156]
  [-0.29841202  0.56119729 -0.77201546]]]
ACC_test:  0.8666666666666667 
SCORE_test:  1.172199999999999
Implementation time:  1102.154079914093
_______________NEW________________ Iteration:  0
Implementation time :  1102.170483827591
##########################################################
2. 50%のデータで学習
----------------------------------------------------------
python main_local_0626.py
Using MNIST
order_layer:  [(0, 0), (0, 1), (1, 0), (1, 1)]
R
 [[ -6.362  -2.838  -2.229]
 [ -2.838 -26.724   2.711]
 [ -2.229   2.711  20.208]]
size
 50
R
 [[-0.12724 -0.05676 -0.04458]
 [-0.05676 -0.53448  0.05422]
 [-0.04458  0.05422  0.40416]]
Max value of eigenvalues:  0.4115411998398592
ACC_train:  0.57 
SCORE_train:  0.32817999999999947
params
 [[[-0.08881761  0.06230436  0.99409738]
  [ 0.          0.          1.        ]]

 [[ 0.          0.          1.        ]
  [ 0.          0.          1.        ]]]
R
 [[  4.153   -9.871   13.0845]
 [ -9.871   23.999  -13.7995]
 [ 13.0845 -13.7995   9.472 ]]
size
 50
R
 [[ 0.08306 -0.19742  0.26169]
 [-0.19742  0.47998 -0.27599]
 [ 0.26169 -0.27599  0.18944]]
Max value of eigenvalues:  0.782719469178529
ACC_train:  0.73 
SCORE_train:  0.7353099999999992
params
 [[[-0.08881761  0.06230436  0.99409738]
  [-0.40750744  0.74596066 -0.52676406]]

 [[ 0.          0.          1.        ]
  [ 0.          0.          1.        ]]]
R
 [[-3.4557e+01  2.1000e-02 -9.9200e-01]
 [ 2.1000e-02 -3.4257e+01 -8.0590e+00]
 [-9.9200e-01 -8.0590e+00  3.4429e+01]]
size
 50
R
 [[-6.9114e-01  4.2000e-04 -1.9840e-02]
 [ 4.2000e-04 -6.8514e-01 -1.6118e-01]
 [-1.9840e-02 -1.6118e-01  6.8858e-01]]
Max value of eigenvalues:  0.7075170756036833
ACC_train:  0.75 
SCORE_train:  0.7709699999999993
params
 [[[-0.08881761  0.06230436  0.99409738]
  [-0.40750744  0.74596066 -0.52676406]]

 [[ 0.01412409  0.11496091 -0.9932696 ]
  [ 0.          0.          1.        ]]]
R
 [[ 3.8499e+01 -1.4900e-01  1.9000e-02]
 [-1.4900e-01  3.8745e+01 -1.1400e-01]
 [ 1.9000e-02 -1.1400e-01  3.8631e+01]]
size
 50
R
 [[ 7.6998e-01 -2.9800e-03  3.8000e-04]
 [-2.9800e-03  7.7490e-01 -2.2800e-03]
 [ 3.8000e-04 -2.2800e-03  7.7262e-01]]
Max value of eigenvalues:  0.7773584669694206
ACC_train:  0.77 
SCORE_train:  0.7724299999999991
params
 [[[-0.08881761  0.06230436  0.99409738]
  [-0.40750744  0.74596066 -0.52676406]]

 [[ 0.01412409  0.11496091 -0.9932696 ]
  [ 0.35730912 -0.83010891  0.42807638]]]
ACC_test:  0.8666666666666667 
SCORE_test:  1.140866666666666
Implementation time:  560.034343957901